	Name	BeamID	E	N	U
0	0	0	-70.92320510713034	-90.28765887906775	0
1	1	0	-70.656213654991	-81.79185311635956	0
2	2	0	-70.38922220285167	-73.29604735272005	0
3	3	0	-70.12223075065413	-64.80024159001186	0
4	4	0	-69.85523929851479	-56.304435826372355	0
5	5	0	-69.58824784631724	-47.80863006366417	0
6	6	0	-69.32125639417791	-39.31282430095598	0
7	7	0	-69.05426494203857	-30.81701853731647	0
8	8	0	-68.78727348984103	-22.321212774608284	0
9	9	0	-68.52028203770169	-13.825407010968775	0
10	10	0	-67.71930768116727	11.66201027808711	0
11	11	0	-67.31882050292916	24.405718923080713	0
12	12	0	-67.05182905078982	32.9015246857889	0
13	13	0	-66.78483759859228	41.39733044942841	0
14	14	0	-66.51784614645294	49.893136212136596	0
15	15	0	-66.2508546943136	58.38894197484478	0
16	16	0	-65.98386324211606	66.8847477384843	0
17	17	0	-65.71687178997672	75.38055350119248	0
18	18	0	-65.44988033777918	83.87635926483199	0
19	19	0	-65.18288888563984	92.37216502754018	0
20	20	0	-64.62631377685466	-90.4855466610752	0
21	21	0	-64.35932232471532	-81.98974089836702	0
22	22	0	-64.09233087251778	-73.49393513379619	0
23	23	0	-63.82533942037844	-64.99812937201932	0
24	24	0	-63.5583479681809	-56.502323609311134	0
25	25	0	-63.29135651604156	-48.006517845671624	0
26	26	0	-63.024365063844016	-39.51071208296344	0
27	27	0	-62.75737361170468	-31.014906319323927	0
28	28	0	-62.49038215956534	-22.51910055661574	0
29	29	0	-62.2233907073678	-14.02329479297623	0
30	30	0	-61.95639925522846	-5.527489030268043	0
31	31	0	-61.68940780303092	2.968316732440144	0
32	32	0	-61.42241635083337	11.464122496079654	0
33	33	0	-61.02192917265347	24.207831140141934	0
34	34	0	-60.75493772045593	32.703636903781444	0
35	35	0	-60.48794626831659	41.19944266648963	0
36	36	0	-60.22095481611905	49.69524843012914	0
37	37	0	-59.95396336397971	58.19105419283733	0
38	38	0	-59.686971911840374	66.68685995647684	0
39	39	0	-59.41998045964283	75.18266571918502	0
40	40	0	-59.1529890075617	83.67847148189321	0
41	41	0	-58.88599755530595	92.17427724553272	0
42	42	0	-58.329422446578974	-90.68343444401398	0
43	43	0	-58.06243099438143	-82.18762868037447	0
44	44	0	-57.79543954224209	-73.69182291766629	0
45	45	0	-57.52844809004455	-65.19601715402678	0
46	46	0	-57.26145663796342	-56.70021139131859	0
47	47	0	-56.99446518570767	-48.20440562674776	0
48	48	0	-56.72747373356833	-39.70859986497089	0
49	49	0	-56.460482281428995	-31.212794102262706	0
50	50	0	-56.19349082923145	-22.716988338623196	0
51	51	0	-55.926499377092114	-14.221182575915009	0
52	52	0	-55.65950792483636	-5.725376812275499	0
53	53	0	-55.39251647275523	2.770428950432688	0
54	54	0	-55.12552502055769	11.266234714072198	0
55	55	0	-54.72503784231958	24.00994335813448	0
56	56	0	-54.45804639018024	32.50574912177399	0
57	57	0	-54.1910549379827	41.001554884482175	0
58	58	0	-53.92406348584336	49.497360648121685	0
59	59	0	-53.657072033704026	57.99316641082987	0
60	60	0	-53.39008058150648	66.48897217353806	0
61	61	0	-53.123089129367145	74.98477793717757	0
62	62	0	-52.8560976771696	83.48058369988576	0
63	63	0	-52.589106225030264	91.97638946352527	0
64	64	0	-52.32211477283272	100.47219522623345	0
65	65	0	-52.03253111624508	-90.88132222602144	0
66	66	0	-51.765539664105745	-82.38551646238193	0
67	67	0	-51.4985482119082	-73.88971069874242	0
68	68	0	-51.231556759768864	-65.39390493603423	0
69	69	0	-50.96456530757132	-56.898099173326045	0
70	70	0	-50.69757385543198	-48.40229341061786	0
71	71	0	-50.43058240323444	-39.90648764697835	0
72	72	0	-50.1635909510951	-31.41068188427016	0
73	73	0	-49.896599498955766	-22.91487612063065	0
74	74	0	-49.62960804675822	-14.419070357922465	0
75	75	0	-49.362616594618885	-5.923264594282955	0
76	76	0	-49.09562514242134	2.572541168425232	0
77	77	0	-48.828633690282004	11.06834693113342	0
78	78	0	-48.428146512043895	23.812055576127023	0
79	79	0	-48.16115505984635	32.30786133976653	0
80	80	0	-47.894163607707014	40.80366710247472	0
81	81	0	-47.62717215556768	49.299472865182906	0
82	82	0	-47.36018070337013	57.795278628822416	0
83	83	0	-47.0931892512308	66.2910843915306	0
84	84	0	-46.82619779903325	74.78689015517011	0
85	85	0	-46.55920634683571	83.2826959178783	0
86	86	0	-46.29221489469637	91.77850168151781	0
87	87	0	-46.025223442557035	100.274307444226	0
88	88	0	-46.002631238108734	-99.57501577073708	0
89	89	0	-45.7356397859694	-91.0792100080289	0
90	90	0	-45.46864833377185	-82.58340424438938	0
91	91	0	-45.201656881632516	-74.0875984816812	0
92	92	0	-44.93466542943497	-65.59179271897301	0
93	93	0	-44.66767397723743	-57.0959869553335	0
94	94	0	-44.40068252509809	-48.600181192625314	0
95	95	0	-44.133691072958754	-40.104375428985804	0
96	96	0	-43.86669962081942	-31.608569666277617	0
97	97	0	-43.59970816862187	-23.112763902638108	0
98	98	0	-43.33271671648254	-14.61695813992992	0
99	99	0	-43.06572526428499	-6.121152377221733	0
100	100	0	-42.798733812145656	2.3746533864177763	0
101	101	0	-42.53174235994811	10.870459149125963	0
102	102	0	-42.13125518171	23.614167794119567	0
103	103	0	-41.864263729570666	32.109973556827754	0
104	104	0	-41.59727227737312	40.60577932046726	0
105	105	0	-41.330280825233785	49.10158508317545	0
106	106	0	-41.06328937309445	57.59739084681496	0
107	107	0	-40.7962979208387	66.09319660952315	0
108	108	0	-40.52930646875757	74.58900237223133	0
109	109	0	-40.262315016560024	83.08480813587084	0
110	110	0	-39.99532356442069	91.58061389857903	0
111	111	0	-39.72833211222314	100.07641966221854	0
112	112	0	-39.70573990777484	-99.77290355367586	0
113	113	0	-39.438748455635505	-91.27709779003635	0
114	114	0	-39.17175700349617	-82.78129202732816	0
115	115	0	-38.904765551240416	-74.28548626368865	0
116	116	0	-38.63777409915929	-65.78968050098047	0
117	117	0	-38.37078264696174	-57.29387473734096	0
118	118	0	-38.103791194822406	-48.79806897463277	0
119	119	0	-37.83679974262486	-40.30226321192458	0
120	120	0	-37.56980829042732	-31.806457448285073	0
121	121	0	-37.30281683834619	-23.310651685576886	0
122	122	0	-37.035825386148645	-14.814845921937376	0
123	123	0	-36.76883393400931	-6.319040159229189	0
124	124	0	-36.501842481811764	2.1767656044103205	0
125	125	0	-36.23485102967243	10.672571367118508	0
126	126	0	-35.83436385143432	23.41628001211211	0
127	127	0	-35.567372399236774	31.912085774820298	0
128	128	0	-35.30038094709744	40.40789153845981	0
129	129	0	-35.0333894949581	48.903697301167995	0
130	130	0	-34.76639804276056	57.39950306387618	0
131	131	0	-34.49940659062122	65.89530882751569	0
132	132	0	-34.232415138423676	74.39111459022388	0
133	133	0	-33.96542368628434	82.88692035386339	0
134	134	0	-33.69843223402859	91.38272611657158	0
135	135	0	-33.43144078194746	99.87853188021109	0
136	136	0	-33.40884857749916	-99.97079133568332	0
137	137	0	-33.14185712535982	-91.4749855720438	0
138	138	0	-32.874865673162276	-82.97917980933562	0
139	139	0	-32.60787422102294	-74.48337404569611	0
140	140	0	-32.340882768825395	-65.98756828298792	0
141	141	0	-32.07389131668606	-57.491762520279735	0
142	142	0	-31.806899864430306	-48.995956756640226	0
143	143	0	-31.539908412349178	-40.50015099393204	0
144	144	0	-31.27291696020984	-32.00434523029253	0
145	145	0	-31.005925508012297	-23.50853946758434	0
146	146	0	-30.73893405587296	-15.012733703944832	0
147	147	0	-30.471942603675416	-6.516927941236645	0
148	148	0	-30.20495115153608	1.9788778214715421	0
149	149	0	-29.937959699338535	10.474683585111052	0
150	150	0	-29.537472521100426	23.218392229173332	0
151	151	0	-29.27048106896109	31.714197992812842	0
152	152	0	-29.003489616763545	40.21000375552103	0
153	153	0	-28.73649816462421	48.70580951916054	0
154	154	0	-28.469506712426664	57.201615281868726	0
155	155	0	-28.202515260287328	65.69742104550824	0
156	156	0	-27.93552380814799	74.19322680821642	0
157	157	0	-27.668532355950447	82.68903257185593	0
158	158	0	-27.40154090381111	91.18483833456412	0
159	159	0	-27.134549451613566	99.68064409820363	0
160	160	0	-26.86755799947423	108.17644986091182	0
161	161	0	-24.230503034224967	-108.76342877140269	0
162	162	0	-23.963511582027422	-100.2676230086945	0
163	163	0	-23.696520129888086	-91.77181724598631	0
164	164	0	-23.429528677632334	-83.2760114823468	0
165	165	0	-23.162537225551205	-74.78020571963862	0
166	166	0	-22.895545773411868	-66.2843999559991	0
167	167	0	-22.628554321214324	-57.78859419329092	0
168	168	0	-22.361562869074987	-49.29278842965141	0
169	169	0	-22.094571416877443	-40.79698266694322	0
170	170	0	-21.827579964738106	-32.301176904235035	0
171	171	0	-21.560588512540562	-23.805371140595526	0
172	172	0	-21.293597060401225	-15.309565377887338	0
173	173	0	-21.02660560826189	-6.813759614247829	0
174	174	0	-20.759614156064345	1.6820461484603584	0
175	175	0	-20.492622703925008	10.177851912099868	0
176	176	0	-20.09213552562869	22.92156055616215	0
177	177	0	-19.825144073489355	31.41736631980166	0
178	178	0	-19.55815262135002	39.913172082509845	0
179	179	0	-19.291161169152474	48.40897784521803	0
180	180	0	-19.024169717013137	56.90478360885754	0
181	181	0	-18.757178264815593	65.40058937156573	0
182	182	0	-18.490186812676257	73.89639513520524	0
183	183	0	-18.22319536053692	82.39220089791343	0
184	184	0	-17.956203908339376	90.88800666155294	0
185	185	0	-17.68921245620004	99.38381242426112	0
186	186	0	-17.422221004002495	107.87961818696931	0
187	187	0	-17.933611703891074	-108.96131655434147	0
188	188	0	-17.666620251751738	-100.46551078977063	0
189	189	0	-17.399628799554193	-91.96970502799377	0
190	190	0	-17.132637347414857	-83.47389926435426	0
191	191	0	-16.865645895217312	-74.97809350164607	0
192	192	0	-16.598654443077976	-66.48228773893788	0
193	193	0	-16.33166299093864	-57.986481975298375	0
194	194	0	-16.064671538741095	-49.49067621259019	0
195	195	0	-15.797680086601758	-40.99487044895068	0
196	196	0	-15.530688634404214	-32.49906468624249	0
197	197	0	-15.263697182264877	-24.00325892260298	0
198	198	0	-14.996705730067333	-15.507453159894794	0
199	199	0	-14.729714277927997	-7.011647397186607	0
200	200	0	-14.46272282578866	1.4841583664529026	0
201	201	0	-14.195731373591116	9.97996412916109	0
202	202	0	-13.795244195353007	22.723672774154693	0
203	203	0	-13.52825274321367	31.21947853686288	0
204	204	0	-13.261261291016126	39.71528430050239	0
205	205	0	-12.99426983887679	48.21109006321058	0
206	206	0	-12.727278386679245	56.70689582685009	0
207	207	0	-12.460286934539909	65.20270158955827	0
208	208	0	-12.193295482400572	73.69850735319778	0
209	209	0	-11.926304030203028	82.19431311590597	0
210	210	0	-11.659312578063691	90.69011887861416	0
211	211	0	-11.392321125866147	99.18592464225367	0
212	212	0	-11.12532967372681	107.68173040496185	0
213	213	0	-11.63672037361539	-109.15920433634892	0
214	214	0	-11.369728921417845	-100.66339857270941	0
215	215	0	-11.102737469278509	-92.16759281000122	0
216	216	0	-10.835746017080965	-83.67178704729304	0
217	217	0	-10.568754564941628	-75.17598128365353	0
218	218	0	-10.301763112802291	-66.68017552094534	0
219	219	0	-10.034771660604747	-58.18436975730583	0
220	220	0	-9.76778020846541	-49.688563994597644	0
221	221	0	-9.500788756267866	-41.192758230958134	0
222	222	0	-9.23379730412853	-32.69695246824995	0
223	223	0	-8.966805851930985	-24.20114670554176	0
224	224	0	-8.699814399791649	-15.70534094190225	0
225	225	0	-8.432822947652312	-7.209535179194063	0
226	226	0	-8.165831495454768	1.2862705844454467	0
227	227	0	-7.898840043315431	9.782076347153634	0
228	228	0	-7.498352865077322	22.525784992147237	0
229	229	0	-7.231361412879778	31.021590754855424	0
230	230	0	-6.9643699607404415	39.517396518494934	0
231	231	0	-6.697378508542897	48.01320228120312	0
232	232	0	-6.430387056403561	56.50900804484263	0
233	233	0	-6.163395604206016	65.00481380755082	0
234	234	0	-5.89640415206668	73.500619570259	0
235	235	0	-5.629412699927343	81.99642533389851	0
236	236	0	-5.362421247729799	90.4922310966067	0
237	237	0	-5.095429795590462	98.98803686024621	0
238	238	0	-4.828438343392918	107.4838426229544	0
239	239	0	-5.339829043281497	-109.35709211835638	0
240	240	0	-5.072837591142161	-100.86128635564819	0
241	241	0	-4.8058461389446165	-92.36548059200868	0
242	242	0	-4.53885468680528	-83.8696748293005	0
243	243	0	-4.271863234665943	-75.37386906566098	0
244	244	0	-4.004871782468399	-66.8780633029528	0
245	245	0	-3.7378803303290624	-58.38225753931329	0
246	246	0	-3.470888878131518	-49.8864517766051	0
247	247	0	-3.2038974259921815	-41.39064601389691	0
248	248	0	-2.9369059737946372	-32.8948402502574	0
249	249	0	-2.6699145216553006	-24.399034487549216	0
250	250	0	-2.402923069515964	-15.903228723909706	0
251	251	0	-2.1359316173184197	-7.407422961201519	0
252	252	0	-1.8689401651790831	1.088382802437991	0
253	253	0	-1.6019487129815388	9.584188565146178	0
254	254	0	-1.20146153474343	22.32789721013978	0
255	255	0	-0.9344700826040935	30.82370297284797	0
256	256	0	-0.6674786304065492	39.319508735556155	0
257	257	0	-0.4004871782672126	47.815314499195665	0
258	258	0	-0.1334957260696683	56.31112026190385	0
259	259	0	0.1334957260696683	64.80692602554336	0
260	260	0	0.4004871782090049	73.30273178825155	0
261	261	0	0.6674786304065492	81.79853755189106	0
262	262	0	0.9344700825458858	90.29434331459925	0
263	263	0	1.20146153474343	98.79014907823876	0
264	264	0	1.4684529868827667	107.28595484094694	0
265	265	0	0.9570622869941872	-109.55497990036383	0
266	266	0	1.2240537391917314	-101.05917413765565	0
267	267	0	1.491045191331068	-92.56336837401614	0
268	268	0	1.7580366435286123	-84.06756261130795	0
269	269	0	2.025028095667949	-75.57175684859976	0
270	270	0	2.2920195478072856	-67.07595108496025	0
271	271	0	2.55901100000483	-58.580145322252065	0
272	272	0	2.8260024521441665	-50.084339558612555	0
273	273	0	3.0929939043417107	-41.58853379590437	0
274	274	0	3.3599853564810473	-33.09272803226486	0
275	275	0	3.6269768086785916	-24.59692226955667	0
276	276	0	3.8939682608179282	-16.101116506848484	0
277	277	0	4.160959712957265	-7.605310743208975	0
278	278	0	4.427951165154809	0.8904950194992125	0
279	279	0	4.694942617235938	9.386300783138722	0
280	280	0	5.0954297955322545	22.130009427201003	0
281	281	0	5.362421247729799	30.625815190840513	0
282	282	0	5.629412699869135	39.1216209535487	0
283	283	0	5.89640415206668	47.61742671718821	0
284	284	0	6.163395604206016	56.113232479896396	0
285	285	0	6.430387056345353	64.6090382435359	0
286	286	0	6.697378508542897	73.1048440062441	0
287	287	0	6.964369960682234	81.60064976895228	0
288	288	0	7.231361412879778	90.09645553259179	0
289	289	0	7.498352865019115	98.59226129529998	0
290	290	0	7.765344317216659	107.08806705893949	0
291	291	0	7.253953617328079	-109.75286768237129	0
292	292	0	7.520945069467416	-101.2570619196631	0
293	293	0	7.78793652166496	-92.76125615695491	0
294	294	0	8.054927973804297	-84.2654503933154	0
295	295	0	8.321919425943634	-75.76964463060722	0
296	296	0	8.588910878141178	-67.27383886696771	0
297	297	0	8.855902330280514	-58.77803310425952	0
298	298	0	9.122893782478059	-50.28222734062001	0
299	299	0	9.389885234617395	-41.786421577911824	0
300	300	0	9.65687668681494	-33.29061581520364	0
301	301	0	9.923868138954276	-24.794810051564127	0
302	302	0	10.190859591093613	-16.29900428885594	0
303	303	0	10.457851043291157	-7.80319852521643	0
304	304	0	10.724842495430494	0.6926072374917567	0
305	305	0	10.991833947628038	9.188413001131266	0
306	306	0	11.392321125866147	21.932121645193547	0
307	307	0	11.659312578005483	30.427927408833057	0
308	308	0	11.926304030203028	38.923733171541244	0
309	309	0	12.193295482342364	47.41953893424943	0
310	310	0	12.460286934539909	55.91534469788894	0
311	311	0	12.727278386679245	64.41115046059713	0
312	312	0	12.994269838818582	72.90695622423664	0
313	313	0	13.261261291016126	81.40276198694482	0
314	314	0	13.528252743155463	89.89856775058433	0
315	315	0	13.795244195353007	98.39437351422384	0
316	316	0	14.062235647492344	106.89017927693203	0
317	317	0	13.550844947603764	-109.95075546531007	0
318	318	0	13.817836399801308	-101.45494970167056	0
319	319	0	14.084827851940645	-92.95914393896237	0
320	320	0	14.35181930413819	-84.46333817532286	0
321	321	0	14.618810756277526	-75.96753241261467	0
322	322	0	14.885802208416862	-67.47172664990649	0
323	323	0	15.152793660614407	-58.97592088626698	0
324	324	0	15.419785112753743	-50.48011512355879	0
325	325	0	15.686776564951288	-41.98430935991928	0
326	326	0	15.953768017090624	-33.48850359721109	0
327	327	0	16.22075946928817	-24.992697833571583	0
328	328	0	16.487750921427505	-16.496892070863396	0
329	329	0	16.75474237356684	-8.001086307223886	0
330	330	0	17.021733825764386	0.49471945548430085	0
331	331	0	17.28872527796193	8.990525218192488	0
332	332	0	17.68921245614183	21.73423386318609	0
333	333	0	17.956203908339376	30.23003962589428	0
334	334	0	18.223195360478712	38.72584538953379	0
335	335	0	18.490186812676257	47.221651152241975	0
336	336	0	18.757178264815593	55.717456915881485	0
337	337	0	19.02416971695493	64.21326267858967	0
338	338	0	19.291161169152474	72.70906844222918	0
339	339	0	19.55815262129181	81.20487420493737	0
340	340	0	19.825144073489355	89.70067996764556	0
341	341	0	20.09213552562869	98.19648573128507	0
342	342	0	20.359126977826236	106.69229149399325	0
343	343	0	19.847736277937656	-110.14864324731752	0
344	344	0	20.114727730076993	-101.65283748274669	0
345	345	0	20.381719182332745	-93.15703172096983	0
346	346	0	20.648710634413874	-84.66122595826164	0
347	347	0	20.91570208655321	-76.16542019462213	0
348	348	0	21.182693538750755	-67.66961443191394	0
349	349	0	21.44968499089009	-59.17380866827443	0
350	350	0	21.716676443087636	-50.678002905566245	0
351	351	0	21.983667895226972	-42.182197141926736	0
352	352	0	22.250659347424516	-33.68639137921855	0
353	353	0	22.517650799563853	-25.19058561651036	0
354	354	0	22.78464225170319	-16.69477985287085	0
355	355	0	23.05163370395894	-8.198974090162665	0
356	356	0	23.31862515604007	0.296831673476845	0
357	357	0	23.585616608237615	8.792637436185032	0
358	358	0	23.986103786475724	21.536346081178635	0
359	359	0	24.25309523861506	30.032151843886822	0
360	360	0	24.520086690812605	38.52795760752633	0
361	361	0	24.78707814295194	47.02376337023452	0
362	362	0	25.054069595149485	55.51956913387403	0
363	363	0	25.321061047288822	64.01537489658222	0
364	364	0	25.58805249942816	72.5111806592904	0
365	365	0	25.855043951625703	81.00698642292991	0
366	366	0	26.12203540376504	89.5027921856381	0
367	367	0	26.389026855962584	97.99859795020893	0
368	368	0	26.65601830810192	106.4944037119858	0
369	369	0	26.14462760821334	-110.34653102932498	0
370	370	0	26.411619060410885	-101.85072526661679	0
371	371	0	26.67861051255022	-93.35491950297728	0
372	372	0	26.945601964747766	-84.8591137402691	0
373	373	0	27.212593416887103	-76.36330797662959	0
374	374	0	27.47958486902644	-67.8675022139214	0
375	375	0	27.746576321223984	-59.37169645028189	0
376	376	0	28.01356777336332	-50.8758906875737	0
377	377	0	28.280559225560864	-42.380084924865514	0
378	378	0	28.5475506777002	-33.884279161226004	0
379	379	0	28.814542129839538	-25.388473398517817	0
380	380	0	29.081533582037082	-16.892667634878308	0
381	381	0	29.34852503417642	-8.39686187217012	0
382	382	0	29.615516486373963	0.0989438914693892	0
383	383	0	29.8825079385133	8.594749654177576	0
384	384	0	30.282995116751408	21.33845829917118	0
385	385	0	30.549986568948952	29.834264061879367	0
386	386	0	30.81697802108829	38.330069824587554	0
387	387	0	31.083969473285833	46.82587558822706	0
388	388	0	31.35096092542517	55.32168135093525	0
389	389	0	31.617952377564507	63.81748711457476	0
390	390	0	31.88494382976205	72.31329287821427	0
391	391	0	32.151935281959595	80.80909864092246	0
392	392	0	32.418926734040724	89.30490440363064	0
393	393	0	32.68591818623827	97.80071016633883	0
394	394	0	32.95290963843581	106.29651592997834	0
395	395	0	32.44151893854723	-110.54441881133243	0
396	396	0	32.70851039068657	-102.04861304862425	0
397	397	0	32.975501842884114	-93.55280728498474	0
398	398	0	33.24249329502345	-85.05700152227655	0
399	399	0	33.50948474716279	-76.56119575956836	0
400	400	0	33.77647619936033	-68.06538999592885	0
401	401	0	34.043467651557876	-59.56958423322067	0
402	402	0	34.310459103639005	-51.07377846958116	0
403	403	0	34.57745055583655	-42.57797270687297	0
404	404	0	34.84444200803409	-34.08216694323346	0
405	405	0	35.11143346017343	-25.586361180525273	0
406	406	0	35.378424912370974	-17.090555417817086	0
407	407	0	35.64541636451031	-8.594749654177576	0
408	408	0	35.91240781664965	-0.0989438914693892	0
409	409	0	36.17939926884719	8.39686187217012	0
410	410	0	36.5798864470853	21.1405705162324	0
411	411	0	36.84687789922464	29.63637627987191	0
412	412	0	37.11386935142218	38.1321820425801	0
413	413	0	37.38086080356152	46.62798780621961	0
414	414	0	37.64785225575906	55.123793568927795	0
415	415	0	37.9148437078984	63.619599332567304	0
416	416	0	38.181835160037735	72.11540509527549	0
417	417	0	38.44882661223528	80.61121085798368	0
418	418	0	38.715818064374616	89.10701662162319	0
419	419	0	38.98280951657216	97.60282238433138	0
420	420	0	39.249800968769705	106.09862814797089	0
421	421	0	39.00540172102046	-102.2465008306317	0
422	422	0	39.2723931731598	-93.75069506792352	0
423	423	0	39.53938462524093	-85.254889304284	0
424	424	0	39.80637607749668	-76.75908354157582	0
425	425	0	40.073367529636016	-68.26327777793631	0
426	426	0	40.34035898183356	-59.76747201522812	0
427	427	0	40.6073504339729	-51.27166625158861	0
428	428	0	40.87434188617044	-42.775860488880426	0
429	429	0	41.141333338367986	-34.28005472617224	0
430	430	0	41.408324790449115	-25.78424896253273	0
431	431	0	41.67531624264666	-17.288443199824542	0
432	432	0	41.942307694785995	-8.792637436185032	0
433	433	0	42.20929914698354	-0.296831673476845	0
434	434	0	42.476290599122876	8.198974090162665	0
435	435	0	42.876777777360985	20.942682734224945	0
436	436	0	43.14376922955853	29.438488497864455	0
437	437	0	43.41076068163966	37.93429426057264	0
438	438	0	43.67775213389541	46.43010002421215	0
439	439	0	43.94474358603475	54.92590578692034	0
440	440	0	44.21173503817408	63.421711549628526	0
441	441	0	44.47872649037163	71.91751731419936	0
442	442	0	44.745717942510964	80.41332307597622	0
443	443	0	45.012709394766716	88.90912883961573	0
444	444	0	45.279700846847845	97.40493460232392	0
445	445	0	45.54669229904539	105.90074036596343	0
446	446	0	45.30229305123794	-102.44438861263916	0
447	447	0	45.56928450349369	-93.94858284993097	0
448	448	0	45.83627595563303	-85.45277708629146	0
449	449	0	46.103267407772364	-76.95697132358328	0
450	450	0	46.37025885996991	-68.46116556087509	0
451	451	0	46.637250312109245	-59.96535979723558	0
452	452	0	46.904241764365	-51.46955403452739	0
453	453	0	47.171233216446126	-42.97374827088788	0
454	454	0	47.43822466864367	-34.477942508179694	0
455	455	0	47.70521612078301	-25.982136744540185	0
456	456	0	47.97220757292234	-17.486330981831998	0
457	457	0	48.23919902511989	-8.990525218192488	0
458	458	0	48.506190477259224	-0.49471945548430085	0
459	459	0	48.77318192945677	8.001086307223886	0
460	460	0	49.17366910763667	20.74479495221749	0
461	461	0	49.440660559834214	29.240600714925677	0
462	462	0	49.70765201203176	37.736406478565186	0
463	463	0	49.974643464171095	46.232212242204696	0
464	464	0	50.24163491636864	54.72801800491288	0
465	465	0	50.508626368507976	63.22382376762107	0
466	466	0	50.77561782064731	71.71962953126058	0
467	467	0	51.04260927284486	80.21543529396877	0
468	468	0	51.30960072498419	88.71124105667695	0
469	469	0	51.57659217718174	97.20704682124779	0
470	470	0	51.843583629321074	105.70285258302465	0
471	471	0	51.866175833769375	-94.14647063193843	0
472	472	0	52.13316728596692	-85.65066486923024	0
473	473	0	52.400158738106256	-77.15485910559073	0
474	474	0	52.66715019024559	-68.65905334288254	0
475	475	0	52.93414164244314	-60.163247579243034	0
476	476	0	53.201133094582474	-51.66744181653485	0
477	477	0	53.46812454678002	-43.17163605289534	0
478	478	0	53.735115998919355	-34.67583029018715	0
479	479	0	54.00210745105869	-26.180024527478963	0
480	480	0	54.269098903256236	-17.684218763839453	0
481	481	0	54.53609035539557	-9.188413001131266	0
482	482	0	54.80308180759312	-0.6926072374917567	0
483	483	0	55.07007325973245	7.80319852521643	0
484	484	0	55.47056043797056	20.546907170210034	0
485	485	0	55.737551890168106	29.04271293291822	0
486	486	0	56.00454334236565	37.53851869655773	0
487	487	0	56.27153479450499	46.03432445926592	0
488	488	0	56.538526246644324	54.53013022290543	0
489	489	0	56.80551769878366	63.025935985613614	0
490	490	0	57.072509150981205	71.52174174925312	0
491	491	0	57.33950060312054	80.01754751196131	0
492	492	0	57.606492055318085	88.5133532746695	0
493	493	0	57.87348350745742	97.00915903830901	0
494	494	0	58.140474959654966	105.5049648010172	0
495	495	0	58.430058616242604	-85.8485526512377	0
496	496	0	58.69705006838194	-77.35274688759819	0
497	497	0	58.964041520579485	-68.85694112489	0
498	498	0	59.23103297271882	-60.36113536125049	0
499	499	0	59.498024424916366	-51.8653295985423	0
500	500	0	59.7650158770557	-43.369523835834116	0
501	501	0	60.03200732919504	-34.873718072194606	0
502	502	0	60.298998781392584	-26.37791230948642	0
503	503	0	60.56599023353192	-17.88210654584691	0
504	504	0	60.832981685729465	-9.386300783138722	0
505	505	0	61.0999731378688	-0.8904950194992125	0
506	506	0	61.366964590066345	7.605310743208975	0
507	507	0	61.76745176836266	20.349019388202578	0
508	508	0	62.03444322044379	28.844825150910765	0
509	509	0	62.301434672641335	37.34063091361895	0
510	510	0	62.56842612478067	45.83643667725846	0
511	511	0	62.83541757692001	54.33224243996665	0
512	512	0	63.10240902911755	62.82804820360616	0
513	513	0	63.36940048125689	71.32385396631435	0
514	514	0	63.63639193345443	79.81965972995386	0
515	515	0	63.90338338559377	88.31546549266204	0
516	516	0	64.17037483779131	96.81127125537023	0
517	517	0	64.43736628993065	105.30707701900974	0
